0.7794415696273886
0.745352789550298
1.0949192969715793
0.782722291782919
0.7621316275409683
1.0552653445034597
0.8515615029875734
0.8515320106544539
0.8896874739446011
0.8864563953317766
0.8889059608802045
0.7251275856697138
0.8995754177344137
0.8245801594032185
0.8407306891785004
0.8596570059059414
0.9771569476925146
0.9069702621342071
0.9273104088934155
1.059753059892652
0.8336384720756391
0.8225486991611303
0.7778589804476219
0.8820021674925521
0.9037210124874523
0.7922496844066282
0.8458334591695987
0.700796967353913
0.8944110724599356
0.7362431625580331
0.736729527453629
0.8696782285708866
0.9722571387239222
1.3489245390958138
1.0781116037099787
0.8027314413822725
0.7769426993689174
0.8028747501927346
0.8846925062024878
0.9878625371949331
0.9078284357794586
0.9623179750131253
0.7240443149175735
0.8827821082694072
0.7725476200226794
0.8355987994668701
0.9330529778399361
0.8389491156535331
0.7752913089321942
0.735135313485094
1.0274553515778726
0.8247647907296712
1.1873796633131313
0.7615494705998623
0.832322050892294
0.9868439944101679
0.9160995468872019
0.6943390306298629
0.8931325617350742
0.9138208773897852
0.8942979056615203
0.8722355340977289
0.7537825182583899
0.689914810223212
0.8216076229553124
0.8138929165586481
1.0353479587060292
0.9686628054991964
0.9273330123014579
0.7722759992378243
0.8333661783706966
0.8282581148718369
0.7738366982831891
1.1318696562402755
1.603403003253162
0.7687847441836481
0.7961140747989288
0.9112164329599536
0.7030286309376796
0.8159621947917507
0.9823767863089683
0.8602641040635721
0.7809992889018975
0.8713681899851418
0.8893148054899219
0.802317865895795
0.7712872264805266
0.8717260393340582
0.7962006926070136
0.898945136806469
0.9420778835301673
0.7397579167913905
0.9247030999098265
0.876271086649762
0.822430496218958
0.7864659006295712
0.9534462430675014
0.734860903127475
0.8360368447928057
0.8165079931079116
0.9949067238111452
0.9401859372082084
0.8099540605932677
0.7006982654671756
0.8009041914522451
0.8994644494248131
0.9841846732890486
0.9197376132354164
0.9276201084682535
1.0240654687098418
0.8314088247452821
1.1130611873113814
0.5276537031925609
0.6521390998936302
0.9385391469567601
0.8656406906045343
0.8413722401419766
0.946325940881721
0.7941921511127118
0.9178527227522033
0.9518729291511266
0.9330901287816495
0.8987116414767994
0.7616666475619102
0.8965875479188806
0.9700703061530508
0.7883335569670686
0.8526359146148874
0.8310146684743647
1.1699472080776256
0.8882219174229584
0.8359750783279765
0.9061154982325498
0.7870060954217402
0.881667405897746
0.7303026286816012
0.9215795674097663
1.2084249709293546
0.7387087253235606
1.0391226830819646
0.6703849134803986
0.8429305318206313
0.9961151926692614
0.7994247342677293
0.964078352694798
0.9228017889160075
0.9812762895683942
0.8916297876786623
1.1793861325301591
0.9465731904279425
0.9409481308348402
0.8873199290450926
0.8277888405708713
0.821652543941933
0.967047160766723
0.8294979328789507
0.8307384041417538
0.6987817195168708
0.7491556419571407
0.8858220794646184
0.8802631684763815
0.956923930378524
0.787390781366315
0.8461137776026793
0.7323070834951677
0.6779130894133842
0.7962706839140478
0.870153135366826
0.7199533537146219
0.8270746510126991
0.8942424155260416
0.7891627472571071
0.8907175890622497
0.7987234375475076
0.8973526814884492
0.8007699163250166
0.7697414568763097
0.6218646968417975
0.9770477006141796
0.8093921611470462
0.8046277437102084
0.8216729175482865
0.7618059992539861
0.9676526197629263
0.8526820935571195
0.8075995564270715
0.7993596216020824
0.8311841199213272
0.7874130540712142
0.766772963104625
0.7253374902439161
0.783455939303868
0.7380343065146637
0.7679076885669609
0.8099031714009791
0.735182062763367
0.7896179731199839
0.8140243605228921
0.729123848224991
0.9162435548416967
1.0811975421383062
0.7970051946532598
0.7712511458521348
0.8047167173535867
0.910083595264488
0.970949275175649
0.9086117605606063
0.8087221666899177
0.8532615607094699
0.78662127143574
0.763984922765364
1.1322368665689286
0.8023433356324909
0.9803596691456511
0.9091208260363017
0.7631285308791973
0.9341663139049211
0.8144350119750691
1.1579856022340043
1.1070966226511174
0.8919553597010919
0.8081439017069372
0.6930435155355263
0.9475498918936726
0.9206770136647537
0.799778235832782
0.850701996077732
0.8639099957371358
0.7561930160325832
0.8931548996445438
0.8127218841156977
0.7483075298093488
0.8848434309339843
0.8361884030699893
0.9896419516393876
0.864834830536312
0.8008079380918337
0.82149646416889
0.7187701097325148
1.098505714140742
0.8555341397456985
0.8851090373235725
1.0023782288427163
0.8544245377918985
0.8443683999747116
0.8923842617849348
1.3586194956353856
0.8168827420022817
0.9445061036460036
0.9217737444188859
0.9151461260864171
0.8625471398210071
1.2481966641292845
0.878120309184046
0.9759979639987509
0.9538296572576144
0.7876648495412905
0.8216277480657561
0.9621710823708078
1.0643247539745875
1.1625289508649415
0.8968238838786134
1.2203532044610284
0.7996165815714309
0.7578606837949999
1.2542616171226062
1.0974677262385295
0.960660165391837
0.8529836618699137
0.8302139113090882
1.0235466739276735
0.8138711744992243
0.7969128088370092
0.8359147155916726
0.7718835562313808
0.9990354303693666
0.9662680729189955
0.9266233106140063
1.0014570367718982
0.9082850391808638
0.7567763991956448
0.8388921813607799
0.8638973117290302
0.9030456411487151
0.7597377772579559
0.9807541935962169
0.7532222724802384
0.9633345399602483
1.0706410898428949
0.788120986657025
0.8555021367347065
0.8585910964899944
0.7358954168938423
0.950108588507963
0.7730978618567037
0.5267575877277538
0.6732779998461633
0.84559383769339
1.0453763427921938
0.8907922691145018
0.9811872203746749
0.8291505004298539
0.7887766971609155
0.8489572344925865
0.946677177036293
0.8077124762092928
0.8545405621368997
1.1671942599902607
1.1389253349696973
0.7982197900001089
0.8305646456383863
0.9987052166691042
0.8603453450620918
0.1614844209514647
0.8073484752801615
0.7117107972475317
0.7579450251903503
0.7484533673234736
0.9961842491021796
1.1063292536460032
0.8804273127866292
0.8442267317807609
0.9562590259106594
1.1794461872908386
1.133607951654348
0.9907535688014356
0.9641019095611753
0.8644901250001789
0.9208860650105882
1.1012282035527603
0.8262527245748923
0.8472400002411874
0.8713742220368774
1.0568930252948274
0.8625992191380422
0.9599177571859631
1.2103373639580925
1.0488557237132967
0.930789146845224
0.9970820973459964
1.618360430892241
1.068391065389784
0.9809947823971481
0.9408964309679076
0.9344049674123307
0.9760926146734065
0.8942801870839109
0.8350142365867957
1.0515266326357788
1.093865583259522
0.8499662573210296
1.3967841834746262
1.282141045950164
0.8284797206118072
0.8506564979915934
0.7588019260707919
0.7352698145840281
0.971552884575906
1.2239029588953538
1.39012386061457
1.466523318599981
1.1819005212148956
0.8995264309268005
1.006044267547624
1.030965535594843
0.9089307980560656
0.7938512954204962
0.9242104486988366
1.0680861115866955
1.0530248080805846
1.1122548459987744
0.9376239463378825
0.7724204816781671
1.1069782829699266
0.9549949635031199
0.4633310211308898
0.8559472390603867
0.9367629695863554
1.0051208451082037
0.8241477558633729
0.8702113334751638
0.9028274278553736
0.7716136136640225
0.860774808510642
0.9325254965888479
0.7244096230269433
0.8769357638373884
0.8145007464404718
0.7570748704674778
1.0587886269124038
0.7400169545921518
0.9935185582474534
0.8874757647183054
0.9141529703487525
0.8238159569212854
0.9806251581725733
0.9435886245559698
0.9752087242864541
0.800730328575191
1.145457815789541
0.9941940867143003
0.8526104670002663
0.7858138108614824
0.8595450273498192
0.8739193953272948
0.7954872066151858
0.844829018899052
0.7164471093007501
0.8403074314156338
1.0148689207254569
0.9329607123874428
0.9765608602886653
0.9909780778572486
0.8360691500962488
0.638265398969311
0.8996933522661331
0.8642099966459195
0.8249371370267452
0.8666509556996064
0.770671315426816
0.9458205647045067
0.9085195074830433
0.888616319638583
0.5492170446601243
0.8115457320846827
1.0854184726637641
0.6918330508195184
0.8860869024764042
0.7902616057314794
0.9210520930744274
0.9121124848477313
0.9626114799465656
0.8520702414082557
0.7481643388751354
0.8168155392623672
0.780693084282794
0.11959540480386888
0.4313669608852453
0.14489610223114496
0.9151024780124184
0.7958266020958893
0.3448314181232564
0.7736389804393352
0.8401914753463027
0.8277208587195989
1.0836821643591852
0.7612901616038216
0.8534187407658148
0.8796631138096465
1.0063095363027255
1.0376235485016483
0.8557578278243216
0.8885203840742106
0.8428281048780576
0.9224125975947692
1.0409857011481538
0.8661549605471303
0.9513114781002173
0.8860402921504664
0.8799482785836925
0.674199028244065
0.7876479357365197
0.8205413937076554
0.9287926757096359
0.8871965977971845
0.912664630638353
0.7718493245180184
0.9445933462754142
0.8593093891498225
0.7710444033280063
0.7926374506811059
0.9031523882006867
0.8508835671061628
0.7445545963105923
0.8956069430105754
0.9264018726234842
0.9846835692278262
0.7482071352060962
0.6160364673533092
0.6988106549672927
0.894316447438502
0.8460134160987716
0.6982436523834239
0.6681254272330343
0.8969667691209409
0.8094600430304145
0.7080212202764272
0.6939511136356425
0.6276697117620329
0.7243317583148774
0.7754111189631291
0.7097142703929328
0.7329730832940834
0.571072188539346
0.6842359417776208
0.8623529704983242
0.8504276884351658
0.7090609251642604
0.7162055778936514
0.657460414693787
0.9274958188270432
0.7969700271350315
0.6026344103911848
0.8419365897768931
0.7100860198936316
0.8761257961885538
0.8197086875330234
0.8676133684338879
0.7789468230698373
0.7505274952930069
0.7393071425688318
0.9653490298745399
0.7286415071304444
0.8738173968915569
0.83821151563036
0.8871788088839488
0.8601627819361235
0.8086587179885807
0.6537265627057007
0.7922635215828596
0.8963122337249018
0.9370078784326998
0.6677194648473821
0.7249867471589637
0.9035506384519594
0.8258860531405975
0.6998070394602293
0.727917932089214
0.7380475491199174
0.7775157770525889
0.809203666572746
0.8442018708326082
0.8427773923118476
1.0731458484145635
0.9281961188199753
1.2308439882102953
0.906865069883677
1.0071466118868442
0.9577241993535747
0.7285898363024651
0.8979507983387633
0.9621780772418014
1.171327936881541
0.9353049011028751
0.6280715202715713
0.8794059278168668
0.995720039373538
0.7844652166125652
0.817852270395883
0.8588040355652793
0.9820687558507978
0.8699592320291235
0.9545716564454392
0.9156055082284698
1.1069891899639184
0.8200797115858318
0.8795272036393894
0.9091963485466319
0.8870674488503213
0.7211389633676918
0.8571460013592239
0.9964018554049936
0.878301687099621
0.9003914846619078
0.846193578742803
0.7216356493881654
1.0510255170514857
0.8362029733146057
0.7822456574253648
0.879721552926053
0.7593336826759762
0.7106415741293703
1.1121030413632722
1.24193394458491
0.7766077834839895
0.8414020453426225
0.8186005502465162
0.8965874019397123
0.9134660168317107
0.8950299462398941
1.0200655783962478
0.9766527476549067
0.9679298669768138
0.8700016655790282
1.0443967938782825
0.8098837181864877
0.4520807275278215
0.8180756561650581
0.8889404513643069
0.7852529929401104
0.760171468834558
1.089232265396613
1.30876304315163
0.6758934875229917
0.7829127941170745
0.8983789724073243
0.8748277599857353
0.7364432079040076
0.004095990322503962
0.9282447590921963
0.8413088911069433
0.7484890027444613
0.6875455892214272
0.6814634726144694
0.8184681490554095
0.9137830736893958
0.857459442499941
0.4618870959078715
0.6644942598801789
0.7483893044076358
0.7568184895244174
0.6572845344352805
0.663967288178666
0.7456465222182004
0.7890941654290277
0.9097275881840928
0.6587617930726996
0.6541560073780206
0.7152909464217363
0.6392355033646461
1.0053519289273896
0.7226682474208003
0.8052076512926691
1.1751603670728352
0.6228049213011931
0.8954918264998613
0.9400254599531922
0.8132388742635488
0.7830571940036987
0.7159430937071203
0.8173482937120236
0.8152398730418824
0.8073031694210182
1.1440153570030889
0.880256689531241
0.8055887671239865
0.5896210881723171
0.799445401597428
0.884937980237941
1.0935196576536277
0.9002566372191783
0.8408277574797628
0.5965558052829181
1.005754936871814
0.8124718055255625
0.7830426537071212
0.9430574403438852
0.7886283447642383
0.7436589682062658
1.0893752162402854
0.6911709222789267
0.8909792287552373
0.7729135516025751
0.9037682438171826
0.7047179248987196
0.709815138864387
0.7278543625036445
0.9251704642369742
0.7765922162150004
0.8263831711822993
0.7350996445042348
0.8512278784632489
0.9324840868451467
0.9521063047214888
0.883931718425132
0.6543734716307402
0.7194850561077506
1.4772426856955427
1.0738644530642194
0.8909818994839852
0.9230593074289577
1.101691082962671
0.7517788626275018
0.7838493417905813
0.9424398243592357
0.8601367894972007
0.011070945304844315
0.8362403543831483
0.8839897160928126
1.3171223194675215
1.2436754861963768
1.0651648502805209
1.0038422738437027
0.691878483903244
0.7944964416327348
0.8405013546435288
0.9650524990256336
0.8829479429890997
0.9634413783052621
0.9377975857607631
0.802819514737396
0.8521760052524849
0.811543955314969
0.8569318721827609
1.144061418128887
0.7497965004265509
0.9857358791898777
1.1678902297234464
0.8106973407996657
0.9594381143398972
0.506227426338151
0.8859521266202387
0.7699296863126828
0.7291124701610348
0.8576147038089554
0.7635682333119789
0.892690577733269
0.809545192123568
0.7870252960581069
0.7430988116609998
4
0.5680200083912
0.8458489494774013
0.7305651137083008
1.0197837900839095
1.0142037765469483
0.922030004931604
0.8450698850921664
0.963953391318024
0.8958059297900319
1.0445351002774241
0.719529889670467
0.9850363442947128
0.8133648768598746
0.7552972539710807
0.9159124514648347
0.9594492156446222
0.703140215490391
0.8293633673895027
0.9183999863874698
0.7835833419782241
0.7583304969341198
0.7841010135139052
0.8033348372072455
0.837259354847761
0.84403711533901
0.8870910068228929
0.8852459335132438
0.9488872235318376
1.03931846639259
1.123886240761051
0.7916911355208995
0.9366763369057219
0.851281818675258
0.8602259186257686
0.7497558877983942
0.792400689528991
1.0328418220575888
1.0093241949470606
0.9446636628115822
0.7953947199080841
0.9770206531096011
1.1952538245723676
0.8365887612107238
0.8371006798494106
0.8861569883161307
1.2413250256645911
0.8531486716755522
0.7299005574191181
0.9317536928656023
0.9955982315384286
0.8492207943684681
1.072837372037301
0.9492713114602805
0.7626621059534678
0.6546413615355803
0.959967985984829
0.8266194735130747
1.1261491468762865
0.7839284292038831
0.7025779459433842
1.0811681077289854
0.776886645529669
1.1480324521660579
1.0317618934843975
0.8325856112827191
0.4580410967691163
0.8385210793661979
0.7615888700437619
1.0086603280665618
0.7821659985650624
0.5450910159256367
0.7839267550147839
0.23452334385270845
0.8267501219902349
0.9129294107096003
0.7576308500987611
0.747327696547619
0.9059296358984409
0.9401272645188451
1.149110060573363
0.7720752592793991
0.945366516131579
0.7287313123483072
0.7064781832568725
0.7766595077024151
0.6819679224956091
0.8499389460384301
0.9671598991228265
1.1024418464135777
0.5094844101526375
0.9236090406753528
0.5652791865829742
0.8424677474542339
0.8062617593489262
0.7278558364409631
1.154036017361799
0.821985757733878
0.8335086392073205
0.7436210076373105
0.4973120970812166
0.8602911862184053
0.8530887772715788
0.05223890439335577
0.7460580924461738
1.2202499916234781
1.0466672358561557
0.9142393091315326
0.7996602772172559
0.8385422000622762
1.0055645001423723
0.6233415482603013
0.7642816314097352
0.8765908999011647
1.055030989428019
0.8892945804804017
0.8708784060480803
0.796289297516606
0.7484180015922527
0.011091962698840607
0.903363181172446
1.0136285636558577
1.0061847569334237
1.1001980471802646
0.8456841383620852
0.7934570126978273
0.7623411517520898
1.2434691777321176
1.3048106982808276
1.0491872206281712
0.9584370593912107
0.9779301356344393
0.822868104263424
1.0313953253454429
0.8054850823539694
0.8995844248529018
0.763408495987448
0.850032809938073
0.8748824476183407
1.4016092998213867
1.5745492846708493
0.01004155725314071
1.163743386134811
1.2641325358224018
0.8772018870992453
0.9089075947452121
0.026754006617167647
0.21139638978753814
0.661835716953823
1.1691469341910299
0.4922384537034105
1.1460738665437356
0.7128366403523474
0.7417570738820697
0.9575425299541755
1.0176119383890583
0.9695417903420146
1.1893334267672349
0.8824413089832254
0.7715857334676306
0.8695041714236
1.140974606303703
0.8608394850870262
1.02018559590381
1.1847251001879096
0.8727504147957064
0.9332857142411242
1.2167472377972137
0.8464831665638043
0.9181796850659212
1.0865490379580767
1.211252205211041
1.1862453974429061
1.4661942830926638
1.0131955078228065
1.031042782025406
1.0900448285020112
1.1343464589549939
1.0459841588071563
0.9032152414431778
0.7691886947582857
0.9036391360921348
0.964801611868088
1.2629737949097937
0.9431029685423463
0.9584056400334364
0.30108139839215187
1.2224457276058192
1.1613773480288638
0.7782635068627322
1.4165063379341658
0.8780550482236118
0.7917162199988829
1.3096710976797683
0.7239393114983232
1.1859431803818066
0.975600222634067
1.5005070613734648
1.1075655894640284
0.6117428000385446
0.645633151645398
0.5728434455806047
1.7716557522633878
1.0833708163590556
0.8423684234606779
0.9327625045551796
0.7651624088210036
0.931527577050911
1.1244318492889682
0.9907713818803954
0.9053019159558763
0.9382570688532503
0.872413016649124
0.9562794292735285
0.833083071077769
0.9320664561896325
1.1084626774739321
0.8730177770322368
0.933575245209067
0.8021370199962901
0.8002329012755177
0.9904111918211236
0.8508099938303108
0.8550131824001621
0.773497329117534
0.7822636874051696
0.8541182397844427
0.9993705412191985
0.7143973101567318
0.7815204069274633
0.966453632394956
0.86198064333182
0.7124987206656661
0.9609119461443603
0.6243064402111531
0.9364266139878789
0.9667602799466899
0.9344642776994253
0.7831396717359763
0.818669671932488
0.8743704239928635
0.9053906014062604
0.7719623590639318
1.003095293320419
0.9989965287772297
0.7427779955436469
2
1.0185458559787646
0.962341484410824
1.1361072123226035
0.9538319771506993
0.9444226548157413
0.7735923226712681
1.032007126180302
0.7553948758421346
0.6500288488410632
0.6511745608647654
0.8404352975316907
0.8891074280899202
1.04134844249893
0.6718958702202472
0.7124549630782233
1.1635139933464453
0.9622778915678779
0.9650529744037797
0.714348435751624
0.8747944591443495
1.0894079631610243
0.8503545559221016
1.0032043577242125
0.6757486537132892
1.0678690262920247
0.522561477010297
1.231031427422428
0.8347472096283888
1.0618557445165622
0.7641224573298243
1.0559340401636261
1.2377230751617911
1.210906508166913
0.8245996960279652
0.9103889458009838
0.8192907917862524
1.2996905663077807
1.062725374649886
0.9672478374266762
1.0952620688288215
1.1818249277407251
1.0809616019723243
0.4295355300342787
1.1630348181356787
0.9529619472760338
0.8544152537101923
1.0921499242820376
1.109080371388834
0.9296402613050246
0.6209487697262068
0.882628999693263
0.9565602398171882
1.0059850956667513
0.7667059155434336
0.8935873811315506
0.9274120152355865
0.8852645320980045
0.879041019159272
0.9153464197242037
0.8981795783357182
0.7523319318395341
0.8172711772041615
0.6205888113518677
0.9693965328791135
1.3440279047822812
0.7419139228747108
1.436449908254857
1.2696199491071016
1.4039719525540937
0.49524555667586784
0.940045739974804
0.9458243311046982
0.828837491377217
1.4035059316294733
0.7645157967898135
1.1585102385492767
0.9936461329615512
0.8192459211317565
1.0061156695707012
0.754748833671147
1.356610211952423
0.752337829229026
0.7062580150150507
0.8767356721406954
0.8667711343411525
1.008219714699163
0.8665410019742905
0.8924131251788563
0.7514580717394684
0.808639968019415
0.8247039276682582
0.6855754204860455
0.74181140715665
0.898632569050793
1.0165175161761826
0.8513999740607049
0.9343099677465593
0.8013698203563753
0.9422304761248785
0.710095591394889
1.0935923050135672
1.0566507636236044
0.9584314466632419
0.9195780742114642
1.281822593388681
0.9248017364723602
0.38436229524629595
1.1581649649663595
0.8383007595349796
0.9133904803231082
0.8065121826051809
1.3417828376715335
0.8387871905043743
0.734871330245905
0.8830283646940543
0.9984103129627324
0.8528112193912657
0.995569021749572
0.5608844092580482
0.6215227214253598
0.8633457182355784
0.9821758029079765
0.4521592431889645
0.7549783884097307
0.5170120127956809
0.7990320465410642
0.8513179765592117
1.210003278011587
0.9253665657725072
1.1104739635498806
0.7766500087167187
0.8909758642987442
1.0460229256410278
0.8483534265872403
0.8509534076094538
1.232035044256776
1.338482559905251
0.9020732585957146
0.1988270847212621
1.1412432350412325
0.706235628336586
1.2280566078245274
0.7110809582385857
0.6991597288925628
1.262937321260148
0.7861245851777557
1.1046866450670847
1.2622062294933893
0.8454519171649565
0.8685711387828884
1.0709992962269532
0.9318118354581103
0.9758673134163689
1.2668408865484235
0.6557912306194613
1.0205140162855522
1.4713548578424602
0.9212038659083733
0.4512901676628868
0.9426732457507103
0.8603476273271192
0.75335807795402
1.0762457432715213
0.9412861595359074
5
0.6049508094489772
0.3458454271195665
0.6712985749746647
1.055683295990363
1.1432225404792518
1.0549566072975212
0.9233216457341251
0.027844844442796557
0.6774172065750116
0.9871242977686071
0.7635323507724779
1.004924719684365
0.9127553329041554
0.8202781322952619
1.0784093065145743
1.3168783802387387
0.985727296878971
0.8644844016344763
0.6357869048543013
0.7839794484820942
0.616041573667753
0.5347073691652838
0.6759466349722162
1.1354171065266685
0.5584142740650702
0.8092700917117347
0.5687537770517171
1.3689435020102438
0.6045182861673621
1.0182967477784959
0.8166307129876597
1.3398677901850131
1.0281111257792277
0.017624010291577008
1.1696283641760872
0.6497453269422798
1.0377100313525502
1.0559578744513234
0.8378639897129532
0.6349658076205904
1.1252111017772093
0.9540785777211105
0.5275137327469575
1.277082779344579
1.2312901364402646
0.8881629692375177
0.6635109720077192
0.8120457841060505
0.6821407353919352
0.8295188065110775
0.6681063220165858
1.0043535743932042
0.8426618536678268
1.139399419777044
1.2174762018640393
0.8139279137502392
0.9431758684369608
0.7506752355722677
0.9576729119311601
0.7813552800544463
0.8798323908641947
1.0633256804629754
0.9172409113994928
0.5642911079446277
0.8772774954878897
0.8510913250757363
0.19541543175462106
0.9783881460249954
0.7194048266382174
1.2233700554548992
0.7813576232939246
0.738374580425727
1.4091727761864223
0.9144492557912159
0.6582914723731476
0.46851893652166915
1.3079187988381005
0.6588394210216746
0.018945035635593577
1.0226716247506196
0.9318290805017972
0.7820880818531486
0.8252328865056816
0.8428010112176976
1.0396030734322002
0.886388924217742
0.9883859827119338
1.065214128471305
0.6915041182625087
0.777178703342912
0.6879963144381721
0.7758305196581767
0.7970532882979405
0.5362771668445979
0.9465914795912622
0.7621494373755155
0.9046701055317519
1.0837189616645126
0.807899448761291
0.7409254066716195
0.18974223266947454
0.52072242685844
0.7295855305961897
0.7612559329843366
1.0368983547610928
0.9271610682257251
0.759023802212413
0.7011014678469573
0.7681096849104487
0.9053347755108255
1.195975886835319
1.4808428819995325
0.027262128157526266
3
1.0651118579928591
0.6480205918584987
0.9079204077756786
1.1521146559314726
0.8582512775273944
1.5745479526249806
0.5598872975632363
0.6853411626880678
1.2057698038830882
0.49816930587922126
0.6702315069279959
0.560125140078667
0.7134797854540827
0.584040400158044
0.634460810347644
1.2244603961827782
1.3371213415657002
0.7144979751977267
0.8467582207055491
0.7326157913748309
0.7488119291008443
0.9662067711983104
0.5385830254827375
1.075573266642735
1.2300305725194671
1.1732325745648118
0.7301975489457858
0.5024196725485403
1.2159002837381827
1.2404577197000728
0.7059435780591942
1.2112103549985513
0.9247667660603522
0.8777408638148331
0.89718479219709
0.852306915819377
0.8117593549760065
0.7064460318743749
1.9341210744458055
1.2301540582043922
0.9474981962751343
1.0867224664475175
0.7871569821150346
1.3098559077135425
0.7232297559390155
1.2310942287336681
0.9877657815141446
0.8042191415528184
0.5279514333131681
1.0192154688606068
0.4458762282539969
1.4661562412355362
0.9912583260122497
0.8789020385445294
0.8991149825680016
0.9841362214297912
0.41585738968457076
1.3932087046927701
1.069915489272164
1.1036460360827873
1.1867284457507596
0.9434376837741689
0.7413452060237578
0.9331759823017944
0.7555618765490539
1.5852334428013755
0.8777708709692988
1.8117066432530036
0.9428823507709164
1.1016017767570734
0.07109375718095545
0.34391140904886797
0.005261908386154923
0.015785837573604855
1.0958955879833379
1.2621472340972844
0.8216653404509285
0.6308783590916764
0.7452382852810082
1.077401219872338
0.9782885331514686
0.046799946861103114
0.8313521765966072
0.1511889841828502
2.398922049587698
0.9709455908673118
1.30390200088302
0.6606080842554641
0.15080845041438018
1.0156435949165263
1.1924321176878236
1.417875537566874
0.15057154884875124
0.29347077620966733
1.3735659494537544
2
0.38406826762852625
0.1491280272169811
0.9298434869520587
0.7393116483633564
0.7971505247733224
0.6681953687202643
0.15009646641762941
0.15011322393547766
0.15012998155013424
0.4620373498657657
1
0.755380284698287
0.2688363568078831
1.6110751535611527
0.8566609392977073
0.14984203509096028
0.14985880466977608
0.9643955840702362
0.510472400792973
0.1498755743552702
1.3898438938048046
0.23558053568403076
1.983549719987607
1.7873102435114359
1.2535369571470791
2.438697752147184
0.06453597565970953
0.013362752180134052
0.4805817360019629
0.31967459047304003
1
0.14930009697144409
0.040487981566453723
0.14932070856195545
1.3339584691232227
1.8930367072885999
0.43166982649526453
0.27380519638080253
0.08749345827741406
1.716822504689942
0.1489098068214486
0.1834777935851163
0.7081995648300308
0.883446455174644
0.4989341635690092
1.0935237938224156
0.4153774498632265
0.9524852977887042
0.6384354939459396
1.012640053626745
0.8494425410821919
0.46392951108338837
0.7234407497385574
1.077350576626159
0.2678376930060053
0.7605267082890546
0.6291231729654635
0.3750379603406889
0.8421230390736728
1.2730641041746495
0.6290752074668104
1.1641705796743025
0.7670918765465172
0.5665464116759685
0.9279498722456765
0.14479173733135964
0.7503393926063701
1.1130268011329916
0.9210655825378858
1.1726324337973497
0.970627815522015
1.2517301169311439
1.3475614807062664
0.5186872733959744
0.7869099936973603
0.17643633141051748
0.964237408578089
1.1020756181251556
0.8761979220888075
0.6475340818314992
1.0147077032810379
2
0.9861705643799217
0.5696727734462679
0.37803621236111007
0.6713205348604906
0.9916306323335958
0.3851336701896035
1.0326076775427948
0.37341186859154885
1.1007304524225363
1.5101177824084424
0.9270118518693712
1.1651548781039376
1.096895324708654
0.7172197608443943
1.9645976801702503
0.5058373215781736
0.6690862147446148
0.08249073245359095
1.3076378194650884
1.1479715909924835
0.5894836802162258
0.3632572031361858
0.6489633446185192
1.380228281303239
0.9363348560634754
0.5134782766304224
0.7710965787395381
1.4461702739316906
0.9807612470933309
0.8039843635285636
1.0902379358582104
0.8761372079945143
0.024252348880685393
1.056521901899062
0.4641638546741763
1.2842469108504255
0.5171136891415022
0.029764403729127586
2
0.3409174163672128
0.20910665250860916
0.3821194949213021
3
0.031049600915498132
0.863272108637382
0.023336313358516048
0.015583788130443699
0.5783072523894324
1.711622284604914
1.2856858481581173
0.2191569913862169
0.5554191727677406
0.26835343969278247
0.9919664568133384
0.847565621307195
1.7554048531596724
0.9190974708509339
1.3316054150442613
1.0021681158073357
0.7939272737735422
1.0512970850371708
0.013603395007630414
0.5058292163604912
0.867708303894564
0.7024674885182647
1.0618098207896904
1.1131629683097486
0.01708808728640454
0.9247162459687631
1.6026708594822567
0.4706969651458086
1
1.0340888681003286
1.400542006623516
0.6489589486437007
0.6874713695808826
2.0913769041883286
0.02224303810486461
0.005569031080008502
1
0.7887675285899768
0.8529946639997863
0.8078774175596855
0.022018368523581078
0.8614661862611195
0.05713239364934264
0.7653923057398534
0.412227488030258
0.9007681495677531
0.6082175235349302
0.01424678512324773
0.4349091032167938
3
0.8369171630095945
1.0257646662454472
0.013967898612049723
0.6627838625351368
1.1829184404652224
0.06790042540976719
0.8939661971851282
0.01881937762713637
0.43043180782360535
0.7987174184615679
0.7567514970711153
1.9519670414785704
0.01077008076947017
0.15921760215338931
0.8476619524374472
0.8695779166568225
0.7518363047953475
4
0.01529398498828849
0.9340509475802257
0.8838071447942513
1.4240852261478405
0.7379409373195265
1.0174442430227837
0.2712648578260122
0.015973048787272237
1.180729332431004
0.9699049807982351
0.036923081815453784
0.8969377001947365
0.13904855182727438
0.5064517991071
1.2916805832766882
0.3737635754132389
1.4534298845299387
0.023580682591247015
1.325231848740841
0.7185110930063163
0.0864907451442436
0.18234793485639544
0.0864351358840787
0.20738420886566
0.7429023707101317
0.749645876350608
1.0356960459638118
0.6995340181006908
1.5154547326511034
0.6414783244820476
0.434092500322558
0.08662795939834578
2.014283963358115
0.08631519334195892
1.419198841244314
0.08609579757757624
0.0861108972389274
0.08612599615838845
0.08614109433582784
0.0861561917711019
0.08617128846408151
1
0.08618638441462234
1
0.08620147962259306
0.086216574087851
0.08623166781026081
2.3578618621296883
0.08603813986242992
0.08605325080291837
1
0.08606836099909032
0.5980028229946991
0.08592236225129668
1
1
0.08593748597732664
1
0.08595260895759116
0.9887002760491266
0.08562920508350369
0.08564435792358216
0.5028166433648642
0.9954036112508058
0.4314243906814196
1.931995251762787
0.6568049242459466
0.022111434478678582
0.3253000574052445
0.014995665929554924
0.015004730560071122
0.9205299212963206
1.3465341153241326
0.024473682038890665
1.0897448693394052
0.07638687281415923
0.4036198474168735
0.011499418252372884
0.021266580303088478
0.8610774786696903
0.016243129852055116
1.3612881976816145
0.33298094940465145
0.7573096986085845
0.6597381511392794
3
1.3133708125377872
4
0.026143421433594938
0.9739057198594436
0.02076815410235211
1.0077650949729593
0.004636923241094215
0.01597343090313652
0.961383475034367
0.0036316457127074653
0.7552893353114284
0.523409652572752
0.011590859784485374
4
0.005148008622260392
0.0213434572227591
1.277461691209677
0.6377238654279884
0.029907415956051953
3.5
0.0299641858818136
0.030020981069004637
0.020053959008605737
0.030102461554203153
0.04020657839999142
0.030261270076314073
0.03031819681870962
0.6992259040648204
0.03037514870007163
0.030432125700744272
4.5
0.9614221628949745
0.42921626054070505
0.04248198528610381
0.5752433950839408
0.03202439660638001
2
0.03208123790910822
0.04284504521715293
4
1.070179855930619
5
1
0.011520053917382755
1.0970611204823275
0.01863778561561036
0.5700481562167399
0.0037956309382778386
0.0075909759641308305
1
1.492320822577519
0.013490667097076026
1.1554710647910964
0.014096471386791487
0.014103978910173565
0.021166394681328526
3
0.014129327915758827
0.021204427155296468
0.0048022566609243755
0.015909209419978865
0.011409731130223033
0.016131585198377874
0.011906517938035766
0.007941890517541683
0.019997948383723596
0.005446677643446973
0.01634018233323742
0.010903624169907422
0.02641387469243517
0.01660176649588685
